      1   3.03    2    3.19    3    3.46    4     5.88     5     6.43
      1   5.53    2    4.26    3    5.22    4     6.74     5     9.97
      1   5.60    2    4.47    3    5.69    4     6.90     5    10.39
      1   9.30    2    4.53    3    6.54    4     6.98     5    13.55
      1   9.92    2    4.67    3    9.16    4     7.21     5    14.45
      1  12.51    2    4.69    3    9.40    4     8.14     5    14.72
      1  12.95    2    5.78    3   10.19    4     8.59     5    16.81
      1  15.21    2    6.79    3   10.71    4     9.80     5    18.39
      1  16.04    2    9.37    3   12.58    4    12.28     5    20.84
      1  16.84    2   12.75    3   13.41    4    25.46     5    21.51
